$ANSIBLE_VAULT;1.1;AES256
39636437613761303561313137366630633162633532386564653137616465623162383136343233
6133353933303036393961313964656136326662633437330a666239373562613330393265313565
33396335383331303363656632386336383035386530316162613531313739623933613764666663
3336393737386539370a316364363763613563363637313730353061353536356431656230356661
32376134613766313232613131303962663438386161323266396339376566643636306334663431
35656131303433646362373064363666313635626139653765313937643265626537333362643461
35316131303163333064653930366163633261313131613165326232336133633339356638386130
66376437633565666530663964623162316561303533643831626131363762346231643766306136
61616638383266376262633038303430633731326461653666383632323332323164356233306165
32343636386161626461383639386638623039316263323764343264373536646539353734623261
61373131323632323063633236306436376465616136303434663865393234623835336234613835
35393733306439663739
