$ANSIBLE_VAULT;1.1;AES256
30663864396566326333333236323661653165653330303538626233626231336131646636623363
6238346437623835323936323437623462656632613638380a326463383237623631316234303035
66356164663063633737316563343665653633656461666339343833373664666638666630613131
3762366335663237650a353062346165386632636233626633333834636335346162313834643761
62356662323636633335346639396233663866363135393766633663663532376230356438346535
62373062626432366631356566323661626566356432373839363163303065643564333030363765
38326335336237333866343566333561313965623333306434353563613564343932343166633265
66323263666337386566646363383563656433653562616331366431366165656666336432643364
38346435393137333032373137636166633039643836616433383866326132373965393233366531
31633763366131343339396361316431333736373263633439313235313239383862343139613237
316238653632666139393630366331613137
