$ANSIBLE_VAULT;1.1;AES256
32643637373730663963636637373237373339616463333732373737653162653465373037363863
6132336437333633316162363164313466333061363530370a623662656261636338616138383737
30346632343336306436343931613238613135313134396130343262383862613532313132303563
3935623432386231380a623536613938613034643736356131386263373161313363663764306262
30353836623337343663383439636162353533323335306461646632633636356564386662633839
63326632376632343330663936376233333165633336633733656132393964346465303632323139
65636437343262653633393461353232313636613263666132303762313065313139653938346637
65363636353231373864353966383039626263333738643339623136643636353030656134356630
37613333303839666530323364323839383865333738643936643734303466633135313565326261
39623438333862343463333136386130646236323864653534396639633339333839646135373533
35616162303439353263373238313539363332353637393861646333366439353261656433383765
36383161326135636236
